-0.009241108935631903
0.05285265519301773
-0.5160691273306938
0.23223493106790674
0.06140217553207141
-0.15665539541327797
-0.20436144595139713
0.04074676032227893
0.19071839328077483
-0.13816341317167416
-0.1263715685378921
0.11292619725364711
-0.16809697910130472
0.058149050555650984
-0.054497005968635104
-0.10770214808571807
0.1699022160513702
-0.4539989096382768
-0.010456096823988462
0.053307226649151135
0.17831449564015386
0.2571325629081226
0.04397066653109581
0.02962530979943563
0.09071192866165924
0.3897634894585817
-0.111863216443488
0.16222622606280668
0.04706416803970359
0.0999058097655774
-0.22220314332793492
-0.08155171600861146
0.15594646035049475
-0.04653379791080989
0.13632692436713245
-0.2595078380040537
0.18661077953593844
0.08022246166203774
0.2803228599637002
-0.3629010984625755
-0.09664025431016657
-0.1020405287152659
0.04109606441860313
0.09024914838565753
-0.2478830618795894
-0.37724649719247233
-0.17233524971516948
-0.2514032454673905
0.1480600795394779
-0.22622589656061334
0.1848046751854264
-0.14983271187730315
0.28707708043019875
0.06122157777757983
0.1302969883079272
0.17406629883808203
-0.11217436613006358
0.45573260291913237
0.0015006354010989279
-0.15365011848299373
0.12618941905172398
-0.015498058574280424
0.05622396497481688
0.04511081496544227
-0.08778489332986647
-0.2638233611003953
-0.18699766181749428
0.43294094535071737
-0.0741185286658651
0.06529616946403229
-0.121579870925464
0.3178250873785235
0.4018136711163741
-0.07304493467742458
0.15364952491970407
-0.15760018069736345
-0.054516248215370405
0.0060842107571897975
-0.14219053526723568
0.009671015529472707
0.1394893280356304
0.017230338841786867
0.2184856375904355
-0.05087295042352228
0.026709954122146776
0.006860266944039603
0.011950791955037364
-0.1785744379730084
-0.28089783318731537
0.3839032359746948
0.04492529327066958
-0.014131020495836354
-0.08556864090351869
0.008608911419498854
0.12474498474015294
0.13508172701789764
0.13387861038231835
0.4178553622483937
0.16535568831133604
0.08571064211651125
0.11721012460512695
-0.057915062821053326
-0.020702690559730303
-0.3911817106937424
-0.21257451575598166
0.3520731797234066
-0.10319259133385196
0.2416165696812985
0.12748991140989666
-0.09336690074757342
-0.4987138148788486
-0.10259258202395889
0.09693362698653034
-0.03611362941540665
-0.058656476815636203
-0.027657364558391313
-0.12416717277351479
-0.0685319667299781
0.09038528205770689
-0.05290757035731511
-0.41059628407426274
0.09425115499463493
0.2166495259265554
-0.07451713950539088
0.13769846640539166
0.23927570750319405
-0.04147798464851048
0.2174581246237236
0.01503551430083116
-0.21416846939663173
0.14251884215652644
-0.026339807347728925
0.03621449039760479
0.2537660212667409
-0.09858005724114777
0.4363810246528674
0.25091287229047293
-0.17462302156111567
-0.12308945048228727
0.1180325033089878
0.444635088966345
-0.08788771972758007
-0.05553663267987091
-0.14978759615716056
0.11501502611563591
0.1753424912798701
0.4382600508048228
-0.13007653742120906
-0.017366110075580202
0.09904763796212325
0.1574491239030092
-0.14765668989588437
-0.43992369496635886
0.12430991360489793
0.3041362119700504
-0.21583463349848542
0.41333834815760984
0.12857750868570203
-0.03289614726193143
0.1907203090568108
-0.022351375041449927
-0.20196493364069545
0.16273114519032422
-0.35353206676229637
0.23025632305068303
-0.033696102239851804
-0.10764933393720895
-0.18046812585045005
-0.16087873023042906
0.4634571938684791
0.12761755184553575
0.0373277783893088
0.06848716084609198
-0.2364181176489896
-0.18494167386024007
0.15211341409164403
0.21616980655018703
-0.2732410787577205
-0.024073770131244256
-0.3494059060010781
0.27422727570293376
0.3091808707734005
0.1619164476996422
0.012202364142817394
-0.2779701277120207
0.11796065379975193
0.41741185677151504
-0.4057394225975641
-0.15099175325248682
-0.09336812806404704
-0.24027842316885892
0.14841124533169855
-0.05533581354152842
0.142103496471865
-0.16855545388954077
-0.4623938720137896
-0.22234123002812547
-0.032613565524595454
-0.20358846310562487
-0.10406126105202622
-0.45138870633499556
0.22358456566757146
0.13646969507434398
-0.23507201482722323
0.19438035171189946
0.02338663982787712
0.04104555234893727
0.046928845266921725
-0.03407575310905681
-0.01972004015017124
-0.13854527842955422
-0.25938447768552736
-0.04767427437949146
0.014397351159993684
-0.17067720820140841
0.115676966562967
-0.16411397692300744
0.1772156044049251
0.06787095867423149
-0.19365173390532778
0.3615954674695057
0.23080952001921462
0.23068590004206044
0.027783576072128318
0.14214640349234936
0.11754757276806965
-0.3471374378398696
0.5183697817044198
-0.20167689934881597
0.11595705204225522
-0.07817536655592083
0.316570756264737
0.5303138916453052
-0.06627793957070016
-0.37773474062746676
0.08996436497232951
0.09351868805292822
0.14307242960932376
-0.07456290466738283
-0.01257722184336128
-0.25599288528950576
-0.11907589171820174
0.24474241082748935
-0.03677825569038954
-0.058342878575003324
-0.07233207012723054
0.12187202577926384
-0.13816962965100615
0.18185950810593185
0.1537783621418323
-0.16658948974839735
0.24140464788479934
-0.110531173151086
-0.057640728730123394
0.025278394263792657
-0.13048237882270525
0.08196229477248958
0.1130376455183951
0.2545813106408671
0.3469193217649786
-0.023821260495640623
-0.15950177498444773
0.1923049721231811
-0.12329498560818032
-0.16415699461999927
-0.2083156045670082
0.13905643502845488
0.16642362108262113
0.14297879103618205
0.19829322891409612
0.039890522913346535
0.23502817349608937
0.047019627124808096
-0.05213755892168098
0.02758903109541388
-0.14745774657755759
-0.10127613930867248
-0.0038011863216692093
-0.1941349321144742
-0.06120887367265387
-0.16528855222107988
0.46846868964501687
0.3198665228959419
-0.5385356222963997
-0.12857902907013416
0.04439198727235339
0.08263291580547974
-0.00410299793581694
-0.03288226345851093
-0.2059481131236369
0.13632063538370762
-0.08503280425196223
0.3118433907002255
-0.2699995450436558
-0.1163696926062442
-0.3764071374836115
-0.10972033335247312
0.043804594130821176
0.12519290340252812
0.005900103956705442
-0.005174352092495678
-0.02465567829379517
-0.019583480248522734
-0.2805462270061953
0.08807673618170131
-0.04573967326644044
0.28329396978110005
-0.15167437056842856
0.18296692139527004
-0.1529935326804009
-0.08809491899416426
-0.4616789460164664
-0.15435940875755524
0.3309161969618367
-0.06791521003718351
0.11824231124055358
-0.02202323328076057
-0.05735794272638752
-0.010018373518410293
-0.2811890621284181
-0.1299438905081178
-0.05535095392273814
0.06478586066148373
0.12996769829455246
-0.3060344839019427
-0.19038408663365622
-0.11819371400984456
-0.12466420009010618
0.5534665667103623
-0.02874047915935948
-0.2742021208565332
0.1641444276197066
0.12066522227250351
-0.21360399764004925
-0.2860941794384195
-0.042213461938059214
0.09443877525773792
-0.148407585854091
0.13432708160984558
-0.3408076228509292
0.10954258486921412
-0.02611123499251698
-0.23741321162667478
0.05175795223844035
-0.3729336048562252
0.5104517673510202
0.17867204049550728
-0.5065348597433208
-0.17281726270674327
0.021513716924687405
-0.07114506530337515
0.28546883475376755
0.33220719090862094
-0.1347323490544325
0.05494026195616781
0.06715404646748971
-0.08256419775414808
0.31277584988029916
0.09437869057443855
-0.1288364455204631
-0.2850187336022319
-0.102146764712656
0.24353603304346652
0.03683230720361313
0.08065266142016358
-0.10334785408029176
-0.1363364802553481
0.03214736216898074
0.027071327810710845
-0.02770862726780736
-0.013260402663696994
0.16852998844640382
-0.10722069806875963
-0.11767318853893721
0.05697506198341793
-0.09216733905903958
-0.21743979777803127
-0.06312312494284224
0.26349069606521025
0.05330554173870151
-0.030199693666209452
-0.00027631964335651376
0.15262980645790986
0.21143560634357952
0.07693663681991846
0.13812217235443872
-0.188208776855202
0.038131774315466584
-0.4511444880462942
0.10338148222509673
-0.04283613291670432
0.23045856637908646
-0.12402529571384899
-0.05801649578680915
-0.04691161334518633
-0.024847314835078474
0.4309599004499489
0.03268712930541574
-0.10300314052070869
-0.08165699621036122
0.31793311944821656
-0.012833687583402009
-0.0349512263331234
-0.1346609212762565
-0.052212114662101926
0.182386842223773
-0.14750382617302935
-0.08836322165396125
-0.2001207154358721
0.04638703636950216
0.3575900756169752
-0.05708435104078332
-0.07701104492263809
-0.19472622436159365
-0.36339011228349505
-0.20742685797214708
0.034916436251726274
0.02903247337171259
-0.06701201122862292
-0.16326228532050008
-0.6299385313653403
0.03719844766553942
0.19552131306521495
-0.08566557214363786
0.07393920210506616
0.05750890094852191
-0.10540503406431238
-0.009400123303191675
0.0720819701630258
-0.35319125893919395
-0.09359370079157132
-0.11681280736052908
0.008034237856192976
-0.013917111425931576
0.06198943831139263
-0.3878042387020087
-0.6222165601082843
0.06538818913999699
0.16806466942858714
0.003872391839187235
0.1475873926573388
-0.07413581259331875
-0.1532578169139823
0.18725102061944593
0.06319011483256654
-0.2288290705372742
0.05806821500097499
-0.265346877966388
0.47955458736107065
0.24870734997412486
0.22387692820127655
0.1208527480200884
-0.07833798495474471
0.2326485477601549
0.14261028797668132
-0.17291802127193534
0.007986596716254936
0.1060761495959162
0.0710343265817011
-0.08737905141443489
0.026742984438496206
-0.19094873082423017
-0.2380066998447222
-0.15651109168221627
0.4361783871330202
0.03627499799154518
0.010992200580732345
-0.05015573403697284
-0.041543414214583754
0.24982196472855944
-0.030806157114286917
-0.13469248184412083
0.23953639346475228
0.007679489742447654
-0.07345552453733048
-0.13116273178807797
-0.07688783540087542
-0.37385430920266344
0.1175850351762957
-0.2663417277109374
0.351326610121539
-0.021797309207320575
0.1343422317207007
-0.11260076061786628
-0.21653245666182236
-0.1232635323716389
-0.030020127918095246
0.09972018714561907
0.2167463809078864
0.056611464911343785
0.08211277758070647
-0.11962131525228283
-0.049297213289079315
-0.03201198292652394
0.07878033101722626
-0.4745865727301386
0.11851076682444625
-0.09635689349247716
-0.042321473432177924
-0.09464113899067797
0.07240493924094543
0.057187364923753065
-0.13004545567144307
0.03415213037890021
0.06651043225554155
0.3556502215243849
-0.08143777697796827
-0.17778059984797673
0.1339812571316697
-0.11079009012153682
-0.1941407346899042
-0.016730615157608195
-0.17507638399748734
-0.11215192165127946
0.004549967203130303
-0.06468772892008381
0.0960616668954211
-0.03862904820795834
-0.20241893854647283
0.11388741782413346
0.004825639517626953
0.1501278964160682
-0.0760277957666134
0.010964015311092978
0.1373210410975408
0.00023970752781562468
-0.2656029419683001
0.0015489203260379326
-0.23782133121475188
-0.1944605315263187
-0.285593773004185
-0.09587798197072422
0.12308697235309361
-0.10528278153262036
-0.27278487820906844
0.1442656926166843
-0.1004333360412702
0.05090388943025486
0.13516579118827188
0.16912167484364138
0.1896930853908938
0.03791015447321943
-0.3869513623045825
-0.0029059863845499645
-0.2746035837508227
-0.47249519297350895
-0.132917477687777
0.07535503703067632
0.0980596760595656
-0.21795616598227557
-0.3032806187042688
0.20692817148775133
-0.18110432606342944
0.12923630087856025
0.22181585017315938
0.059605966172738716
0.1945589604395418
0.18351747472473903
-0.24706298563771997
0.13463276820712197
-0.2344428984149716
-0.2590278192953506
0.017525657692441025
-0.10187835050483522
0.14041888386014506
-0.26999954112257946
-0.16152168210152162
0.09412990793154352
-0.294183867786945
0.10051761070280749
0.17593358696646447
0.06876803254905954
0.14260187070338506
0.24941139547390168
-0.14974331449203965
0.1881862518709582
-0.17732727161298859
-0.15539461285897752
-0.13663733165800387
-0.03274935371213685
-0.08310276578268135
-0.29028768973135927
-0.39505432733296736
0.15865772653887772
-0.12610289289282148
0.0010049717610431021
0.15568259702145618
0.16421989531139183
0.3030660133576293
0.22222959182642346
0.0286731985181992
0.22320559801875453
-0.2566359296953468
-0.09229955586753556
-0.1029270071634535
0.24138271678530998
0.1017597994510393
-0.03884912514752241
-0.25121157244328013
0.19270020322059123
-0.11114270032079739
0.10283905744786719
0.0841855947307757
0.04424077746876991
0.08947237625703587
0.10556069127497525
-0.285105257041379
-0.01040686825429294
-0.2520797806288834
-0.11361116294392205
-0.2972389862882978
0.20641639742026707
-0.02678665155133926
-0.2031882462581846
-0.11287892059797644
0.30056668136548903
-0.13361930679569659
-0.01809406061415336
0.11286768516346952
-0.033411260011036545
0.15271128909414602
0.11965620141654351
-0.09913801453308464
0.21405918097817442
0.04524447703918504
0.025875867146674874
-0.05101237779066575
-0.020839612156213
-0.07968323695268718
-0.013721848440036499
-0.07251634944336757
-0.03778884245606065
-0.06732495805494619
-0.00019513513002506326
-0.034257671861206714
0.146113061066242
0.0718029318148583
0.12542233652705767
-0.041366630524237676
0.011679245439847327
0.040438975975703784
-0.08092712707157955
-0.09293021753634424
-0.006237587769885563
0.05849326912914722
-0.029022086760161585
-0.06365109058541031
-0.09044026464462906
0.10126969370509314
0.09153033404455205
0.07476369623843207
-0.06677611017938692
0.005883515946741428
-0.12412021717623545
0.025092371023266977
0.00795827444651801
0.12018965234899623
0.0015399249444193427
-0.1089106232755707
-0.12678770897337627
-0.011857371605134087
0.011255534181757865
-0.026772140285795165
0.05460275693097554
-0.02725916166583449
0.0863207478530566
-0.02220978691470243
0.053102578791836705
0.07402413851085857
0.06016598132859117
0.13192668843663174
-0.058337832925019935
-0.040399022204413056
-0.046059549437595396
0.14003625654847504
-0.20296521807082954
0.06942797378444628
-0.06141897840591035
0.04688404324481492
-0.14119249668189562
-0.10015596240007178
0.027205762592678564
0.039480607364430514
0.020143959249741796
0.09955115131304211
-0.04470034892772087
0.01481074350422592
-0.14060053807496142
0.14929778198015914
0.03360942366239754
0.09015039976549001
-0.20194762394711138
-0.10639588584075255
0.03252327445779533
-0.04823616651437026
-0.059255398825199944
-0.33971573353215295
0.1962087372969175
0.08447729717367698
-0.015799281393206997
0.22562867193382488
-0.08678103410407878
-0.17038391837095543
-0.09918034740369813
-0.11603483962147433
0.30965191610621606
0.10350734242294754
0.034388715609784244
0.013956010525368375
-0.021654601828659442
0.29489832732381266
-0.18395330106148375
-0.15366654086580792
-0.30116772166141825
0.023468819174439083
0.0601047620286405
-0.3205031867763141
0.12523652210629657
0.31329541683983164
0.16556015062007032
-0.18149726298093558
0.16519222902430925
0.08497367443830624
0.022269126079630108
-0.022503256215313995
0.12453781891709642
0.23354669546343507
0.01601533791498514
0.03672725350710288
-0.2837147318232075
-0.10689821410542065
0.11311206917041239
-0.047170859506311336
-0.0337127001067511
0.32055472276149966
0.2104296848809436
-0.03962625582260448
0.18970218393322444
0.0607311774284256
0.04746080522225556
-0.11847293432810843
-0.1324229011226728
0.11386938147031024
0.013782499700078981
0.1602804649455853
-0.11363229258865404
-0.07485658374869497
0.047527170433290064
-0.00637128021802768
0.0488879051357493
0.3745353077691913
0.01484708241439211
0.05394916587054974
-0.20438828780849963
0.282439887468047
-0.18762061715203865
0.20635831540492028
0.006368695697408704
0.06853446549208533
0.019924854164674908
-0.08558747694210925
0.22679795767063646
0.08973092734860648
0.02377889401167995
-0.03047415382024586
-0.034100908744380626
-0.11191993325413077
0.011072580291404196
-0.3416954282722245
0.2559133109464486
0.5075618507156566
0.20325363913978023
0.08823038813380242
-0.13595406027613297
0.18298816684596325
0.020857219892910398
-0.10237290065080513
-0.3600279238262567
0.0045761938495933316
0.3049741456349754
-0.33576999292646803
0.18392812111622517
0.4635879314300112
0.47284604325427065
-0.21918862825374347
0.059724800351430095
0.1513809062323479
0.07213171185160533
0.04001187750539709
0.04041643471913257
0.16265174945975497
-0.05654102739876824
0.04253345403574524
-0.41344141655298966
0.16076213758511537
0.3004859075517913
-0.20379468243913293
0.14935503412971002
0.2621441996727685
0.3236715514731435
-0.12587564688739653
0.06847764926226303
0.000303719068358204
0.05922867268673462
0.3493599218279545
-0.3663692079563363
-0.06477909932818103
-0.39055897222470193
-0.13831427846081304
-0.055572844670442385
-0.0713257845515808
0.641516788169498
-0.35000095706114015
-0.0245084709154735
-0.09474801683068863
-0.16389924573075357
0.10472483201145327
-0.06192883552402988
-0.11398946167364592
-0.1402988646589173
0.21167366497905343
-0.0718980055891291
-0.1634646984707381
-0.059237835052122816
-0.17287439794110182
0.26078024379372355
0.14697859871772934
-0.32029075611379965
-0.22304698043988058
0.07385967836512865
0.05961751590229065
0.023376650857903226
-0.34544064820294085
0.25251889752093737
0.17097563970556312
-0.03312783276787672
-0.11543805392228322
-0.0237982052556763
0.3911681559920468
-0.1904459451722773
-0.1513063310518624
-0.35743070616175154
-0.20158088684068126
0.30253809818263766
-0.18128654771233085
-0.08381923363943124
0.2663108450672323
0.26089029803899955
-0.06909983873805473
0.18142125238900092
0.21385878093262456
0.00624532636969361
0.009198631544787426
0.08558456042988463
0.21086324769219314
-0.24732882763131417
-0.007256175901078119
-0.6008536089219814
-0.15735868019434643
0.2809810333439401
-0.3419701654853629
-0.1611335507774882
0.19568431018769591
0.08589818248491758
0.04819669706534355
0.02440980597638885
-0.040858967028440975
0.23813720885210984
-0.002095018549531631
0.07625726045668761
-0.00811855179219244
0.04799799123181801
0.1146802280733049
-0.051817866876775226
0.13637469178675582
-0.10416707894618418
-0.08716381385699208
-0.09297297745441968
-0.15964868890275258
-0.08454274487121798
-0.02882583166802298
0.34620352968286267
4.140332353604967e-06
0.18560504434478486
-0.24463077864408198
-0.03440230735647508
0.03784965777622077
-0.25961494373798527
0.1802242848760979
-0.3271867311466416
0.11023084373573322
0.11838347287128383
-0.22820862726701244
-0.07969988191960058
-0.003627672234938746
0.08956443145207212
-0.042863361126347754
0.052059301641382574
-0.3523727751513276
0.20420956003568227
-0.031745193815843537
-0.021839770916926095
-0.20603642014126264
0.24151792556630114
0.2342580257517829
-0.09823575304928955
-0.26922653274705566
0.20326791327166052
0.11703221095699728
0.12347905341726183
-0.05130651733609694
0.06608310276198213
0.055611875191102514
0.08406306967646601
0.3583790035055725
-0.09737483941804854
0.18112788971364704
0.012517168554095202
-0.08000606685641311
-0.2091522300771325
-0.23239021768135457
0.09532768515246258
0.1475660344868435
-0.05976828883807231
-0.09316726438867838
-0.008884002599215601
0.016856531492433248
0.04566249300272398
-0.4081010550816325
0.12940566537797993
0.5091282555134954
0.021264583855768477
0.18507295858752784
-0.12216978001167798
0.1802966426091904
-0.13607553748738474
-0.0342600047989367
-0.22139984364175083
-0.17554072235408666
0.25707097091484893
-0.3374237312083675
0.1445687167258445
0.4322964616722597
0.38393585612390446
-0.4883101584085676
0.23640575582242931
0.3185381399103168
0.3896446532459763
0.4076882118553706
-0.161029018296558
0.13115103803105105
-0.16769631543276672
-0.00582127785155447
-0.5760133880507421
0.17040612254687845
0.05411020498180136
-0.5478757722616516
0.6611992736168238
0.8146814156814022
0.5823579668318285
0.11092291492791632
0.02007405711680798
0.06848435425986249
0.2963709915717868
0.04112741505673899
0.07324991038484317
0.022549898916459227
-0.06316142378673903
0.27212382594196377
0.10156555800829214
-0.17156040167377057
0.21830183133394873
-0.12608875867913708
-0.03751684447165892
-0.14273180322418413
0.02560447511858334
-0.040484029837035446
0.015124276567654136
0.15320890437025217
0.09730952797414234
0.02961803428196436
-0.1539249220208403
-0.042462331899820314
0.0012749089822948383
0.31315806149493175
-0.13760613859096146
-0.09844660352722952
0.15001400190643335
-0.07779363660687436
-0.03017608850751195
0.12276703158186
-0.01912243384156021
-0.1543675821025019
-0.17518195943841647
0.2036494284647734
0.0296081688223728
0.11934326115838485
-0.2628210119703632
-7.194987689840964e-05
-0.25511429517056006
0.19042277798261728
-0.048647043311486844
-0.03743827739314736
0.10205557791044714
-0.10075025065526877
0.10826137046408094
0.17837098772765544
0.0018764815323502803
0.11920732836326689
0.24915936548181758
0.28617735995663257
0.4263296805503072
0.33670983281719574
-0.14035123442293937
0.23303385745810584
-0.2603312076463331
-0.28612001232212125
-0.062050457614280775
0.2234775647666511
0.14321508353505938
-0.04167658096391032
0.36090434390727466
0.02165440723271334
0.28264652397004236
0.026165155523663632
0.2956112045701193
0.056770334662117165
0.48286523524116653
0.1137370332641968
0.07437459614308518
0.17781407934140483
0.10162601591805694
0.05950815487072959
-0.27641729923103014
0.17061507267534165
-0.06858257193249895
-0.33836294041895054
0.1746967435031805
0.3694038767259162
0.1321174260410993
-0.22977143883784762
0.3554437197495615
0.3762204480054623
0.34361435533176005
0.19082827765938049
-0.27796054755712335
0.21425125994029226
-0.28917885804033816
0.04063156525454074
-0.32071996215815973
0.06467526414338819
0.25098365626001284
-0.40482175575739293
0.11847816073701055
0.6314794404946321
0.41822486619861843
-0.32992399648989285
0.11649496535183895
0.15250887644709465
0.6212844000150948
-0.028280429699176775
-0.03777192459542179
0.19279952564475467
-0.05653736873712845
-0.07550041329102221
-0.37109293923120856
0.08583239943167274
0.10352571886590099
-0.4329239368994305
0.46583296457005047
0.5842846543043292
0.5613165514141634
0.06754568752746477
-0.07567823657049715
-0.041654506985677395
-0.008490185990915245
0.3971520115394012
0.11219154736265316
0.04125460326338844
0.050276558477657635
-0.07135588536669393
-0.020448447189665327
0.0579323217296161
-0.09479478085483278
-0.2887321412372777
-0.09408481521589965
-0.020735024671872396
0.11457357576287192
-0.17649937448947056
0.27462933002819356
0.1473562105275685
0.10117955248360912
0.09161620394826711
-0.13849584152256428
0.2205542760439208
-0.09034447381991839
-0.0513075654743748
-0.33550922738964195
0.17504722586503182
0.32072617534483067
-0.2312895911487696
0.11351659438340138
0.31970254734318515
0.12001627033145679
-0.5086919183631149
-0.1784163995552618
-0.21645503837459001
0.1140691531167938
0.21372707272608266
-0.3447416243245854
-0.3090342707144296
0.22982315266178371
-0.2441961513748698
0.11477298931468177
0.07188685753681952
0.0737888083322012
0.1470082244212594
0.29739741633803884
-0.15561237608620107
0.21220394226561498
0.0055546732019827304
-0.12586704462908385
-0.13427495533010553
0.34013212637611867
0.5564141195873474
-0.04973773589485355
-0.0854155947455462
0.040884821598085
-0.07087737036984355
-0.04501896574960152
0.022833844692845478
0.2726940177515985
-0.23134951926040168
0.4155409720595466
-0.2238589749542368
0.18031441246228047
-0.0426896848988704
-0.061085631325647656
0.12816041634229008
-0.4977655511110108
-0.10049604784393024
-0.09906855693494912
0.0966667627473117
-0.1310537099369973
-0.188509709858102
0.19578161085995555
0.09508056372262014
-0.1890207079655551
0.1272935752004752
0.2998889496853282
0.09054693431425045
0.04982680274865722
-0.1799341396238193
-0.06599484534783508
-0.030041669462732647
0.32060333835371585
0.7927293301698717
-0.056934170645553006
-0.04114207426994569
-0.18847564595715605
0.0030206167543091133
0.08108879406382416
0.06804113629878343
0.28526643463796203
-0.18493048424381273
0.2962929758691544
-0.17510310572813056
0.11356079176058767
-0.12692826734042562
-0.4117760513220781
-0.6031216160643076
0.10519177791078324
-0.23276999608877388
-0.2613311624757561
-0.47303165720755647
0.19117060953057305
0.07073418463786385
-0.06738624540734296
0.19130943490856386
-0.031587724061230525
-0.10973077802294423
-0.07206494510900478
0.002741390426426143
-0.0987799611701972
0.09129531160847346
0.018245107204460827
-0.012091531776622975
0.07882527631598674
-0.0741990778082059
-0.12060578650846528
0.09544217007499003
0.11933357517329063
-0.03617795117635328
-0.07474695030553069
0.012095678771603176
-0.06936385338424514
-0.04459946178906242
0.06566549072562117
-0.07314323285135232
0.017212941287792532
-0.20939482206242122
0.26796040130513826
-0.10096120963799031
0.006411197184553017
0.1700811906587151
0.09323348294996024
0.2850699444777183
-0.20470933493206142
-0.3362873515403268
-0.06147289810331323
-0.10139293349696528
0.14664559823064474
0.18475495308131124
-0.1270879659196288
0.040584530817998364
0.17807390357280015
0.09590416094914093
-0.1706196219107855
0.125834901991362
0.0310463564099117
0.047682060704184404
-0.10658856758361568
-0.1656084121857384
0.12193208157594437
0.22085210571352135
-0.023226822906730445
0.15271921390484935
-0.13009323770975445
-0.11477620188733252
-0.07352134799713092
-0.33490093052827546
-0.19043764302171443
0.020863820271736774
-0.02933574266346608
-0.039763907965368356
-0.0486875595825005
0.10271038156353439
-0.32052352673683826
-0.21284262470368848
-0.10980442029412879
-0.16370355263992895
0.028847026798695382
0.0789662076550587
0.035022406634833934
-0.020544511634390153
0.07742333204610632
-0.02975175237903282
0.1276631439090671
-0.336592431320254
0.07459486772907885
0.04669960111964562
-0.07021401766105696
-0.07926264661892235
-0.005757556706780403
0.1315572618509087
-0.045627593902228
-0.02644420010794217
0.17090650932845375
-0.41091165024653603
0.10279748407431702
-0.04566320122086581
-0.023678386557501232
0.21923730091420313
0.25839912059538334
-0.38256330743017136
0.15419444508044508
0.06909785430523223
-0.03332330659322063
0.05647324083643845
0.14972897379929442
0.06589507189233403
-0.11088043878161435
0.08677572759032638
0.028328296887988075
-0.20766639227341535
-0.013954908045542808
0.06946574161356452
-0.003037640608614178
0.2568192752871701
0.1425797232353516
0.037994802690519774
-0.11754172694446544
0.06600401380886632
0.031851538131485106
0.07435387351496668
-0.003247617119596388
-0.16720093992135648
0.12165456335440412
0.08578437184376807
0.06646027176473858
0.16059944313530575
0.07958902117135201
0.023947073233522836
-0.093872273004036
-0.12786951564090068
-0.18121760260939387
0.29035685853752363
0.02056662241601409
0.08811107560569831
-0.09068796659439254
-0.06536336897229478
-0.2866821208419552
-0.18545716014592065
0.19606646394358296
-0.11634096055595677
0.05141726843792161
0.23657079132388834
-0.02882628108509566
0.06309675240777474
0.12468587328361369
0.00034309839479405033
-0.39309149065471194
0.03219236271902654
-0.4254567527686603
-0.038665646023662646
-0.1034044290958091
0.10572614010389078
-0.1947121786747678
-0.12853985323836292
0.204207430448155
0.08154685367335997
-0.22450902691952745
0.05031345880487953
0.006534994000773539
0.05084729001805965
0.01136595314454273
0.12424820753939514
0.10541524535286317
0.1494009300471459
0.23895837453275265
-0.13089934507181672
0.18864648703122663
0.2535418125146834
-0.020369784959199454
-0.0021189932658740697
-0.2586832785789933
-0.052971124715612515
-0.04543702251049745
0.06322176012590834
-0.17726348857202856
0.07052506120954803
0.004613626385699553
-0.25465043854272007
0.05908869378575874
-0.03901222932067951
-0.2827330589657733
0.3636188473979957
-0.15848385337522025
-0.39204550550314476
-0.42287517370352523
0.08548274222790067
0.09512468539545962
0.23150999248813353
-0.13450927497569465
0.0018152739743127024
0.2257473867637353
0.05241636285657035
-0.05556966146422512
0.2187090029518122
-0.12709044166807834
-0.13308764185856303
-0.13632257331087996
0.14221948116246655
0.2946784033172329
0.17470237254092583
-0.2918628066346284
-0.22068609874040357
0.07053275092254256
0.26638965185243385
-0.36189879932287766
-0.30543772501506233
0.5251803685919608
-0.12261400288506161
-0.09274509474473015
0.2998815734162511
-0.25294880749668336
0.13366702036288639
-0.22639677734507588
0.2850992889286307
-0.22883267395873105
0.031077778320296498
0.43422325950043467
0.04065534824234981
-0.09771127312861322
-0.12759084183325398
0.3791152606578613
0.046039540104223564
-0.3330822409740322
0.08315266992161793
-0.19370084344253746
-0.0046467681553182556
0.25020600474175
0.3649139534257052
0.40866143072056116
-0.03244151252019559
0.17434244962821102
0.19637689124160793
0.07145582823444974
0.09302845368272186
-0.10521503469332212
0.12373616780531903
-0.21056764816868756
-0.30811477375642765
-0.13462080683320202
0.1051869288649752
0.031048249492781135
-0.09954267994832901
-0.20610187650046605
0.11598298116911285
-0.18707084853452938
0.21554207935491318
-0.2128362560921286
0.25003846125667456
0.05353789888466425
0.09885079199495779
0.04274053310019009
-0.10945462542830271
0.36349011432816475
0.4063858274977731
-0.3394971982480695
0.3692396143927811
-0.08763700692413222
-0.12238409519628114
0.3093704310944634
0.42731999733058074
-0.08160484427383023
0.06357171074561953
-0.3790809515367733
-0.4220259155950844
-0.06979658097157435
0.053212483085775794
0.06638764790144372
0.28585169285153056
0.05548557538941585
0.06088443870234184
-0.39855663229934396
-0.42238090851294774
-0.36087128586836736
0.08883153956460743
-0.09174675113599656
-0.08598179933744336
0.09348249286038454
-0.06846141170119231
0.04485635223118821
0.05135794954667842
-0.14594569138835128
-0.02568997455166057
-0.10303494797246035
-0.03995378123253431
0.020987290665779586
0.03909454617567605
0.1760720911080948
0.11608519217052292
-0.07103361919334499
0.10854747209859779
0.0834641228485952
0.11335190276426284
-0.20966997549886252
-0.011350037112648698
0.1309975300394825
0.05162666298369403
-0.4459387087415837
-0.20602246954801767
0.014466289023015168
-0.008055205854447075
-0.11220140778153413
0.29530930851093445
-0.24321263873398188
-0.4127033456824117
0.21551283918237696
0.10453088917448947
-0.1898497766527087
-0.15548568037157795
-0.0495056350011058
-0.035178836024338654
-0.1419005774993206
0.0875659642957663
0.19984778049161864
0.05700164304244504
-0.01987044339388541
0.19476532326996043
0.03752455914260647
-0.39451969326458924
0.06447527288923154
0.3524223660653478
-0.05662781726565025
-0.03798972110575029
-0.04172667344836157
0.22850780673468765
-0.17608472624329927
0.050946577921432985
-0.06186774581384515
0.11429789455351008
0.10414158849968048
0.10160693223591928
0.117216494739844
0.13798923590860332
-0.09949070112589721
0.10106509010790983
0.017907233123667685
0.04329373576751498
-0.08649255843871549
0.09135528079145518
0.2155260692152303
0.2924340572951129
0.003852012484391006
-0.2154544095859409
0.10659000656567592
0.022021943818860596
-0.13823056940009715
-0.1815999287873349
-0.0981993306638756
-0.016687171559906316
0.04240686150209459
0.09592534685649477
-0.20847019004337453
-0.21283039345386767
-0.20897655405378263
0.1319647084003248
-0.20155883256902093
0.24914376970296084
-0.06885855445680837
-0.11585861805525823
-0.016627461042426232
-0.08244439202287904
-0.1407474031804539
-0.18012754713416926
-0.016883583617133317
-0.12361320465494628
0.08974667419226094
-0.029566635817220313
-0.32852037890579056
-0.22121191913884852
-0.1890731131698196
0.006520862065662599
-0.09692688517546931
-0.04207603098023952
-0.03088603067738084
0.03702932001703636
-0.05135765130516136
-0.07735945619915448
0.21095462645924828
0.11976895604748546
0.05818023189586183
-0.03257741553964865
0.02857798535245982
-0.13697239501787994
0.203974795084877
0.2321070829749768
0.06679548187759744
-0.07989558152166741
0.015096166521656216
-0.21530792695182513
-0.05203803686662794
0.04541384175464103
0.03464851289177652
0.1406866069753096
0.22650671660222554
0.37389798503089144
0.006830714348167929
-0.09979802315019232
-0.02717376793305657
-0.06792971764951387
0.0572976903763197
0.1677064151441175
-0.08906441761406379
-0.3169714653659299
0.3332931665594882
-0.10357861996479584
-0.18845111865973174
-0.19504994671728235
-0.18963392350152078
-0.2506629133755984
0.11584882938190356
0.024264241193941716
0.24815679861876633
-0.17718931155736758
-0.1860644522344684
0.09909282371190375
-0.10742282498254158
-0.07169052562059225
-0.15605218418646422
0.0012128166208246675
0.09428122070216428
0.18810427538264288
0.0856612841834569
0.15762452862692541
0.21136888841424126
0.11504615214352946
-0.031452783451994384
0.0514228373613888
0.2031197366134663
0.011644794590304096
0.20362357221605687
0.008725925451823793
-0.19075373690419428
0.2075243684673463
0.012574950120685512
-0.22741162490869932
-0.018142851177965533
-0.007803858142998156
0.09499553486100576
-0.2806055020607435
-0.2837663118885924
0.059579546369636
0.12011055326170975
-0.01763943265017222
-0.2572317083564743
0.14859512043201537
-0.19900893465747424
0.02281434395980177
-0.09182153514223712
-0.276485630809118
-0.5364720787774675
0.1549700182574973
-0.006396862920032528
0.3543181729966979
0.1485656990603266
0.3538744542472307
-0.2720319554819299
-0.18572552426067065
0.27588689960888496
0.26846435761972526
-0.38633641121851875
-0.2667294637179967
-0.14405040487169124
0.22237636661446566
0.06073765366516507
-0.08837065878418848
-0.2757831249149586
0.5453597787654804
0.16773442301928926
-0.06842196142515312
-0.19086441933942255
-0.2762716549941839
0.08442811830476234
-0.03113130509688368
0.1624925296377967
0.0431698458686504
0.0023458851149738644
0.11684983534589269
0.1211607489055186
0.10931965756220881
0.049591010371812384
-0.14962750272005773
0.03660136428924777
0.17506323113460973
0.021324238096904757
0.04517029967213365
-0.017585162084741233
0.12372895580632204
-0.038306828787417
-0.006498108986059133
-0.09826604719204084
-0.059963056775602125
-0.001790887528977585
0.046362823895764814
0.0036006617460353596
0.16323456429088418
0.02662040045384209
0.04658487923271362
-0.14081784166640543
-0.022391489662975526
0.021164377669520205
-0.05651735370510414
-0.14137258470344857
0.08082612039515938
-0.030716966046184565
-0.05661920518483041
-0.06506161429748127
0.27772805857381777
0.08279227524861771
-0.18570480248760765
-0.1797272615344961
0.18838134266299045
-0.028671930474382604
0.09380799613178865
-0.05931251259047148
-0.05353812956219515
-0.12217052557462103
-0.20103846918741833
-0.1403102246341203
-0.004496245171968426
-0.06627252271167801
0.057975437571095655
-0.14162296268396213
0.08455449886457857
0.21586578048849284
-0.17362850115329148
-0.11189844840268216
0.0013694795879991824
0.18252751757674987
-0.0395501745844002
0.1834112262784942
0.17830169175064614
-0.00788909211565729
-0.0422044451666035
-0.11454522994768548
0.12701293710164172
0.017389958123615656
-0.07293992708722662
-0.021802550979994024
0.15446577376661977
-0.05779363780561611
0.1134144815883307
0.045871770205844084
0.10896195689785704
-0.03211304615687262
-0.15776242745065666
0.012738733542050816
-0.1704097680189591
-0.006053526618642653
0.026385366683752444
-0.039705613170488534
0.055678799094344054
-0.0006686380810358377
0.07882656272303502
0.11143906977434109
0.18788640712652158
-0.09793340820294165
-0.10623379411736185
0.10234083736041333
0.007388919519083213
0.024424960082567726
-0.158703665308098
-0.10026475683555357
-0.022903231185296347
0.005459581001373225
-0.04158781721589327
0.054869171256012574
-0.03625489550482988
0.04047039920625903
-0.07720074308762954
-0.1897929848942528
-0.11080401523486805
0.033658240664676556
0.1012471011628437
-0.022924279284296405
0.052953509993893234
-0.1943610635649509
-0.19631796904855386
-0.02051678005416218
-0.20862808668112484
0.11363963984756226
-0.06270278759198424
0.13537921910143938
-0.11019621707469383
0.14001968050438093
-0.0015414240611628862
0.12383403870230636
-0.10294748686609731
0.16757753884996357
0.10887667988909219
-0.07838675323504354
-0.14142142295811694
-0.09449208177197063
0.14805272846275672
-0.0015803598350282696
0.022733639510256944
-0.05079436118088294
-0.003647809394664091
-0.03167587579533383
-0.2146008604972925
0.12614780045729282
-0.11260479928729314
0.10520999116429507
-0.23542983028421102
0.29468568095321157
0.24619886026495283
0.0004982551532297963
-0.10629795063148578
-0.0031829489130000216
0.3139604426312127
0.07516519185742372
-0.052077554938275254
-0.15679601537880664
-0.10910061283863424
0.12324994249006219
-0.12470377786959022
-0.05892088857889939
-0.001537692713979617
-0.005117768335471678
-0.23324298367923868
0.15735300445194159
0.10358797905291138
-0.059550188480615794
0.029133179714131072
-0.050776083191220164
0.28294048691079116
-0.020907103810923065
-0.12234427022489434
0.08247196203368805
-0.06504227458659159
0.17391891165708181
0.1507523586034823
0.042942242946728916
-0.0016192774561036814
0.2906796383577964
0.016911976829752796
0.20250359374066595
0.12165414895399854
-0.08634063368654957
-0.08762563661921097
-0.08049350848664232
0.19492213132616806
0.05389196679739018
0.1541718004475745
-0.02079012635921611
0.005128807266207257
0.02702465924606793
-0.15130784667610925
0.06860357122240965
-0.009815156103514104
-0.09824086123086691
-0.017476580013232667
-0.11872579872418954
-0.18276635403413505
0.18227711774227986
0.016581974358519623
-0.03731138433357639
-0.30960480479487085
-0.06115454444590264
-0.09559111447213389
-0.007507285747899047
0.03325739868840491
-0.04023062531631291
0.12098356633508832
-0.17900016166295932
-0.0725732805498061
0.07266832524364651
-0.008384734344808211
0.002471874790408282
-0.3218337265069085
0.10156303298472788
0.12841190253758675
-0.09269055055806806
0.009198131352427653
0.05864471032193014
0.10483445896675715
-0.11474709017320465
-0.10753823407016154
0.015016487462442973
-5.476190370663861e-06
0.09989414807814749
0.09194489458468985
0.053685695138084126
-0.12474349158427153
0.19793164738231772
0.15061620875139362
-0.1905861635963724
-0.09603167230503314
-0.014612832577817467
-0.09851703624076896
-0.08308434449791252
-0.06708289127830995
-0.060999401832308266
0.10219461353855165
0.2539022577719729
0.08119419440199178
-0.26078148749107455
-0.007750617545271754
0.029976223278831697
0.07350664625075232
-0.34739660575645287
-0.2926467151623797
0.2513994448947875
-0.005934116072700739
-0.06789456774736184
0.13425071663510954
0.03988159989670203
0.19049766415248426
0.04066038679505773
0.10727539477017234
0.03393423386235972
-0.013341205626263019
0.15792411460195518
0.019587616117423635
0.06448013699325478
-0.0235842634665389
0.22499775207676395
0.07744394393348583
-0.042206705050106236
0.08284058137578781
0.0894515353433106
0.07745209811079785
-0.028631388390695168
0.10357855256294835
0.10846551374144939
-0.0574404943008281
0.01527070811989012
0.13117331290246792
-0.03730052609834409
0.08509247849150134
0.21406229183473097
-0.11475275059247204
-0.19514120095224677
-0.15989438070558595
-0.19111335900387694
0.026111439586687272
0.09566450953934767
0.08586190391482473
-0.1944001826233025
0.27796735878798784
-0.012174832894866906
0.1086367339178472
0.003994585396764528
0.03442201745857021
0.07615829506535769
0.028584718939985543
-0.07934629247532347
0.0806073081478721
-0.04513585012785676
-0.0012377175682083878
-0.013175333804000605
-0.09139616436303573
-0.07747073960751409
0.05440254542775727
0.038479651427420075
-0.1963376240120306
-0.06204368275034383
-0.08323581846572606
-0.10173482396649196
0.2590120944759774
0.10488042420803705
0.08370307982983798
0.016458873466136736
-0.03553030945802466
-0.060762879632510314
0.045793275357488526
-0.08070884119255929
-0.04581327772034109
0.06418746592083538
-0.10735503819443071
-0.03614856871450878
0.31652843698712446
-0.03747416073162515
-0.07157228247246993
-0.14643653169961976
-0.10656396967281014
0.1553903321886207
-0.06670417121856612
0.04769814861561624
-0.14835547409347058
-0.14879166517421813
-0.1220736850832402
0.05990682661859464
0.02587684888647787
-0.21764284305055318
-0.13872457092787807
0.08088351435159509
-0.23165542500774192
0.02124576192065474
0.027375674026418707
-0.03535532383609991
-0.07063775315128437
-0.17275385562779078
0.06564067482302145
0.061733754813128365
0.03236699807351506
-0.13689941706879133
-0.09423614724642357
-0.13268676230708118
-0.08598960794477545
0.07012044068709514
0.11254610367212219
-0.17648684066547124
0.27393019456124185
-0.22259082572794078
-0.04811832971417928
-0.06309343548126622
0.043927415419480025
0.0029439636816502796
-0.07407048285583469
0.11878655050070865
0.036091653089194015
-0.1286731071643391
-0.2314434588229517
-0.10600692699418593
-0.19500916055517417
0.08862646091174682
-0.008473808327156605
-0.03904624474981168
0.10619571932787349
-0.11448506955506088
-0.016063457230932245
0.22393631456275725
-0.16553242610361216
0.054922304778007636
-0.13730537495778136
-0.047200974640405104
0.05558942232154926
0.04567732390641758
-0.02515744084286632
0.11718333068731558
-0.07175778577842477
-0.022664578086640963
0.17330813904446687
-0.04207122672159918
0.0881301982336718
-0.0037067652044804516
0.053368736182024104
0.059259245960688
-0.11696908491421268
-0.08945450709981366
-0.06873934347002321
-0.021634023263486627
0.04024392432295921
0.032108092708060934
0.012290428983039444
0.11508713110008108
-0.08556483935748953
0.05863427397423988
-0.10596776808550717
-0.03388841575332521
-0.05819594211276392
0.15456181753245807
0.022456111510203325
-0.016415077593125167
-0.09016058821287494
-0.027464195023142977
0.08434612239405004
0.02834079450267107
0.012557656118601228
-0.0662147799749038
-0.1499767299165686
-0.17787080348795675
-0.07934652703928913
0.18619799810382323
-0.08895239347135378
0.10512242731099972
-0.10874541743004039
-0.03382417037405886
-0.06898381510107679
0.031014229075491794
-0.14587523847836237
-0.23975252367962022
0.06862504572257608
0.034667538748374555
0.006937694120318027
0.02492577639710741
-0.005043938475830003
-0.10045071819425501
0.008128797107600673
-0.05565001696379274
0.14612881377041284
-0.028951133579514576
0.019460304211275693
-0.09163426630988282
-0.174099765925995
-0.15868565329830736
0.16994229312047646
0.11202046480416405
-0.009506300581025294
-0.08243324009050466
-0.07648734861213534
0.05085891098667998
-0.0746264219545869
0.02347481279269489
0.3013721408681756
-0.14713370928629263
-0.24103872842906737
0.14513683510593
0.048047620272128846
-0.022391882002158057
-0.1065954791445462
0.03523806741109821
0.0821759412232755
-0.12702912897316035
-0.09065005616202017
-0.023717649585624487
-0.07666285519883353
0.12081128923305168
0.3041558628772263
0.05076807900758299
0.15541801532374563
-0.005855488876723836
0.07951688579315816
-0.01277199650402789
0.10369080346432281
-0.007047724449576556
0.011815538429316097
-0.07931130045473749
0.07181705079200285
-0.15777280188583775
0.018783568922615772
-0.05871312436703388
-0.02362809968725075
-0.0027584926970620565
0.19951047147374892
-0.007759794655727735
0.052161185921416595
-0.11654953308376229
-0.05801201526771409
0.050956936685761706
-0.07646809701863173
-0.03162452062077212
-0.08327025990010568
-0.11373979959609316
-0.08051491268710446
0.06678684152811146
0.023717762741172144
0.1261364373538582
-0.013165745034802591
0.008260651896662242
0.01588576746969363
-0.08549607380398574
0.09026867813440746
0.016272082580412375
-0.15348756295932817
0.1483491209400688
-0.06484485848768949
0.16922994681298806
0.17128940019800717
-0.2966186319776891
-0.033102072818647806
0.31963900141297347
-0.052937093355375414
0.006439652338353113
0.12746413291686698
-0.08362773364794376
-0.46935480250212697
-0.02749991550584779
-0.04300621295468749
0.1028133474582804
-0.11154801543970953
0.14545115296953653
-0.02444881499873087
0.04916426051379292
-0.08745702264269442
0.07684520320095914
0.14142215274452538
0.314012298987499
-0.012557370581059085
-0.0012241984913346944
-0.040829622104424
-0.05595299685849045
-0.058841491085150716
-0.11487504409920714
-0.06330116762257036
0.09325905635404237
0.2277693437497689
-0.053899601446497546
0.13777622638931122
-0.0075217341427759165
0.21892445690173903
0.19584987799121506
0.2739973362479326
0.20751959171487216
-0.046137821398125334
0.0014774368020271933
0.19437278736375804
-0.20578748549761608
-0.3197649442900196
-0.09365180491052642
0.09676487034666428
-0.2642451655929223
-0.028186733667108714
0.014260199605922492
0.17674561276783265
0.17550596443054145
-0.1782097695306971
0.1676495829702627
0.35231234070021006
0.1443283446440041
0.10921815579341766
-0.0025957928831253658
0.07552188621349652
0.04247023020354116
0.2545708690652312
-0.2031619263302481
-0.06097929772379198
-0.008472331790578722
0.053356856597461234
0.048106680965803054
0.17731204709756868
0.004504489404799484
-0.14951871239672562
0.10717243759373195
-0.12108652974495464
0.13839083354367987
0.1582096250450014
-0.19366252286073482
-0.01080684074636139
0.009213191675192108
-0.0358053131791235
-0.024768026417520492
-0.0030265128161536792
0.354526960023776
-0.27317334369800755
0.09077558884003226
0.05115386749670659
0.16361143249606516
-0.08865360206723413
-0.15473859469397602
-0.10029199363464514
0.003172242089208724
0.03907976643807949
-0.022740126304810083
0.09123205113298885
-0.00876893459492375
-0.18839691523628463
-0.15268778643300868
0.259945506606784
0.12467209106980914
0.02203039396794036
0.0464270259568174
0.09109394352119826
0.021157770825411832
-0.10470637986672035
0.29557039873989444
-0.048554167857486036
0.19274382006232496
0.08844774048781599
0.19102024584369182
0.09911404137834598
-0.12459558239870043
-0.1992070986833798
-0.15391152595465324
0.1702269289186597
-0.045173251910272
0.12824088375092033
0.03160233343513768
0.25532993280583116
0.18532533558950637
-0.1964933002926457
0.371326263789567
0.18403742526573458
0.3224766914581552
-0.1824685913826895
0.04246057067263266
-0.09279738607920753
-0.05930548471520246
0.14985999725799523
-0.04831123041625467
0.01696494338920044
0.19630652768125198
-0.019355468851664587
0.17916678295987357
0.22590653851287346
0.25192812281016286
0.15729599313460857
0.3098969384972
0.5044802781714534
0.06690542098559799
-0.03656506551148074
-0.018099490584256975
0.024295446292131272
-0.10606686631128813
-0.10460156788269338
0.09868282275150547
0.20426736798649675
-0.14736223205434246
-0.16387624898011788
0.10889139698957433
-0.11718420283346515
0.37661824059741467
-0.3930363432762204
0.10959048557363298
-0.08212100123241695
-0.0770979580072938
0.0840426041919328
0.004179378692709808
0.1218240362075354
0.13181469329042783
0.03638819159652821
-0.5111104637911159
-0.08597577130712393
0.239160806359449
0.01121474924888387
-0.05137194865404612
0.25587797219540326
0.09192503306476046
-0.03591040017445772
-0.1085425265829606
0.03133061394799774
0.21202664692171833
-0.028392710041583367
0.030523310191465498
0.16551317602260468
0.015184799256265563
-0.02249678052895706
-0.08774753369462152
0.024764602554556727
0.037634095587952186
-0.15137607692262342
0.08481282351773528
0.1365297099997072
0.4153014952191059
-0.18270295546592585
0.20262497889526618
-0.16281531052549203
-0.05237506575813709
0.26137899072771537
-0.2489836587708824
0.014265187129992425
-0.03582462625769157
-0.1409180969662146
-0.28509214661960625
0.06221751831936925
0.2343988667767803
-0.09645248101360784
-0.20918466738604244
0.10299628978679895
-0.009093336445144345
0.0029359576149944394
-0.09107349880842695
-0.11138721871448645
-0.0735413215218258
0.09412365394690979
-0.17407686542594106
-0.0069730529172909285
-0.15946398732528225
-0.12847047384523744
-0.31196898681960544
0.2987543644405741
0.2372826487653921
-0.2122194783999986
0.118699255824035
0.03238324704194289
0.014117056039032783
-0.1933698115800703
0.02186944129520544
-0.05785110924287159
0.14727837009138883
0.22803060098536213
-0.12933867561899082
0.03867317566599702
0.05929264950332228
-0.014980250894805605
-0.07878663947883277
-0.3032836937958799
0.07227808116543963
-0.18616627593363624
0.2900416635409654
-0.025820384704946697
0.20258334635054856
0.021493391950379113
0.11048269562506836
0.018827003253406447
0.0863037715632723
0.03287278093195265
0.05085892036415392
0.06819851479238707
-0.1502222884986418
-0.004097038320304356
0.007113934364051403
-0.08120059548219002
-0.19436732181759578
-0.10491707342201276
0.20564999291937697
0.15443836730821184
0.12265649935678614
-0.23293361813827793
0.15492507559798496
-0.010657166209032145
0.054074770035022694
-0.04238872849972316
-0.01525058976474603
-0.13609366226150155
0.12086610013166561
0.02294052268621009
-0.08712646513929123
-0.066099025201911
0.08525017172678517
0.22467163916084154
0.23196550454076606
0.04017943086406416
0.11713331347203731
-0.15839141838312462
0.017301537769381148
0.020769407262801062
0.053621555572763116
0.02298961446652866
-0.2155098645399429
0.08133072041373829
-0.023721449835022314
-0.05960699300785366
0.020356326650246788
-0.004032511414146748
-0.0685614934738399
0.026909974028270233
-0.005464912635940516
0.070790438554452
0.046620537409360924
-0.13423285012026143
0.059353173075683795
-0.1358085494127512
0.0691439271252504
0.03761956527030789
-0.02421731556948798
0.0012692290775652977
-0.06520672821682233
-0.05630408502223441
-0.11661001952686678
0.05614852190147406
0.125637983220793
-0.09430236755619585
0.057078777556707275
0.023332131549551743
0.1713779537338544
-0.07554610416544404
0.04706907213718106
0.0437960363395955
0.04532983180515353
0.10814160041034596
0.006742164357095833
0.03613613234246866
-0.07084034332870676
-0.04309797434222403
-0.07487007028937037
-0.0017535686823960158
0.005551357202510695
-0.1544996454190398
0.0434665033696153
0.24090829165846186
0.1107722726006663
-0.015920545227480584
0.059474374846384424
0.0552350199412173
-0.24918500036982383
0.01401661716402837
0.0944052696405918
-0.017730885365909773
0.12754185221485892
-0.053975547141861424
-0.3692070565321835
0.090096747839173
0.11278421840887777
-0.1057881794742316
0.2111615127604091
0.10216239500307428
0.2752781626627147
-0.171399659303457
0.08921878682161943
-0.133256547342246
-0.1268207561783458
-0.04531129128193368
-0.20451150589624548
0.11546974914276183
0.06666954417446976
-0.026590631291672034
-0.3301349905098612
0.03554156539846035
0.07391423700766309
-0.36278990440526176
0.04669090367464836
0.18839454116717794
0.050333607558978574
-0.2933556260234821
0.06610282004212505
0.23635862008746025
0.05064663282793486
-0.06453828986552354
0.15912361073976802
-0.08163712184468311
0.1977075760351668
0.10845112074733626
0.0025994071994331724
-0.13218974903905617
-0.1300901298432396
0.09822003599637423
-0.024436175082386123
0.20880096637927717
0.30701223228255875
-0.061366612702124505
-0.09012263685801195
0.13628888830032385
-0.013704255038328846
-0.11978258810630533
-0.010053899736611981
0.19147385591412386
-0.1465728096759954
0.06660247362579894
-0.1308767524259797
-0.026832614217766296
-0.047078094943633436
-0.2549399324599158
0.178032487461442
0.21579001300478154
0.23028452284471687
0.11760731196798575
-0.03520943873191351
0.09064331735469913
0.3194335401842635
0.11753140476545157
0.032912185287830416
0.1469829200526075
-0.26763197360965774
-0.16376750795252726
-0.17138614248299494
0.052891521192664076
0.07202808198398276
-0.16794781176325846
0.06744103401696841
0.27261545754777644
0.0806921573689444
0.09459819632851368
-0.27458208101750725
-0.08723314653804648
0.10865578992818888
0.04434686676128
0.04919844592606647
0.06923893148182507
0.0018693759087365126
-0.27448184406757287
-0.36783538567349644
0.2595510214683254
0.09184309426998144
-0.08560731929588282
0.27524321696370085
0.027241212445685885
0.19802158289141517
-0.19205001171542865
0.3189170714032976
-0.15193118021112662
-0.0029346331488997986
-0.08325448348170884
-0.0717298441402141
0.08445173650951472
0.07499272731149012
0.09927548087086793
-0.1395984930254413
0.10080732208039245
-0.1343183277067963
-0.005008190690971242
0.1411987436519864
0.22165273639433905
0.39916006805764226
-0.056653307985626865
-0.011720746645014195
0.1417750677774379
0.2348647206035818
0.089736960172115
-0.03177812861353797
0.03704817669906085
-0.000956975832028702
0.09408095020057633
-0.05803539060720126
0.019772915478443724
-0.00321924500014001
0.12013134036353204
0.24376307468438244
0.3650892214787481
0.22248652570762645
-0.07284915241900924
0.22496233450722725
0.05456780237528373
-0.12772494677136478
0.17601732433323564
0.05086794919895248
-0.01965587004383363
-0.032187416946573365
0.018353778513948104
-0.28427048466537364
-0.09472554351968375
0.11171503104579568
-0.06581369061692673
0.28433033929920265
0.2309344924825666
0.053639477259460375
-0.07434905113505666
-0.014359153302930165
0.022081691920584793
0.1756844306465636
0.03165913551436082
0.02553262772609801
0.13180923410264886
0.01836650577262432
-0.013546146037844965
-0.013876064483706086
0.0365497187638083
0.0858956503156263
0.08583670445731531
0.12945566520637208
0.17227922762744244
0.3325831833008311
-0.15656710539844038
0.0573836960708283
0.0419112343632085
0.022825273472427434
0.10773126403637626
0.11180718634552773
0.07674099744627827
-0.05932359296464163
0.013264948253196315
-0.11884432712578359
-0.17573293154104083
0.0459062891169009
-0.12595423294199812
0.13049921522831273
0.164802833051422
0.016983236792585534
0.07512504694012391
0.11952828478739318
0.45635596321165245
0.048722353286519506
0.13810061456965342
-0.06175344929365362
-0.06202049569701462
-0.10549573290643266
-0.047005389195671016
0.0944316187676707
-0.13370028526312316
-0.14233583231768626
-0.152497578519468
-0.22821006164849258
0.09994834006069755
0.13337947130478411
-0.28171801372131483
0.443698229973961
0.09983623515389922
0.06584198926488526
0.10209860708717704
0.2463661209470818
-0.0482979596558771
0.0037551788796141195
-0.09278377815852935
0.018678693399214182
-0.07123947379058672
0.038373251960386386
0.043165829666514145
0.02265096589834816
0.11371962963436899
0.06966356677702196
-0.011867845577764411
0.08866272950214181
0.0041015999792655055
0.0016479989973927891
0.04883232418309875
-0.09903129189807547
0.037856566254921085
0.06618334865731171
-0.05289800985072772
-0.15520711950436256
0.00908910553668401
0.0655221424326639
-0.07110246389109143
-0.06157017291056474
0.2124030974648985
0.14407159797922656
0.004722661701668459
-0.011216329998441155
-0.06235443245212268
-0.002636066519154859
0.04229786663964911
0.0825731145113571
0.15491748571418085
-0.026738872927973147
-0.4903185993561636
-0.09001863901680297
0.32922726609390973
-0.030742423960331697
0.16779617015817713
-0.01885449074807658
-0.10472907135151702
0.11278574107087927
0.04910631106297315
0.1264626219808488
0.3138929854412954
-0.11011145776606963
-0.018682443407867875
-0.22199280698036467
0.009109146969654605
-0.10909384815547069
0.01370244501843669
-0.06199029674709141
-0.03684505694785618
0.09370889118231958
-0.3842148173485883
0.13701963344723453
0.2072736658603276
0.16432946968393364
-0.06438720094099319
0.10102978833170044
-0.10930971028176871
0.003235916501057124
0.06882429013665685
-0.02148918755047437
0.11914401159535185
0.011151315549034774
-0.14107362542105936
-0.2250891623950083
0.0638009744913858
-0.02459936319870246
-0.1730397822596343
0.023346526335019827
0.24096884944947386
0.13502499881145685
-0.1964197108751567
0.1665686704358953
0.11853980272828556
0.06709475593037648
0.01140793763634599
0.08589850385435219
0.05388872717137179
0.1152242468896639
-0.019592120625094068
-0.005921785820532575
0.10943016477512865
0.1281504902238277
-0.15293197965654634
0.08789758418940416
0.2031308126962094
0.08897989088631053
0.0020803276710396243
0.04426262287445571
0.15157254946147755
-0.013623380234840195
0.14613259085422853
0.29672836506088085
0.04046227600189024
-0.091295734346758
-0.0004117329408322052
-0.13710822373084783
0.25564408499033325
-0.13174319281485436
-0.06993559441908727
-0.16267613231821546
0.035206845956671506
0.33295537634061395
-0.04025026261741696
-0.22902650702930982
0.48337022563208115
0.15316077207288786
0.01853413551951128
0.1437940084374821
0.27259135493030395
-0.15793504654063678
0.2704356462308345
-0.12836003408857977
-0.012757186364776834
-0.025256124307127672
-0.2140421970464969
-0.2437850475183842
0.2919819344272294
0.12635377659533517
0.03642065485507781
0.0027208428848201466
0.09338315762835696
-0.070608283055866
0.024176540937348476
-0.02955833876608274
0.10626188887682411
-0.1372554195276854
-0.0426615026892112
-0.2772127164238948
-0.08083788218139962
0.1495499511667905
-0.042274457483277184
0.05709413889515243
0.3111242954234791
0.30699917657861253
-0.22928954398988644
-0.04228221036694445
0.1422870785422221
0.1703763857444142
0.10268267041957138
-0.1794851896641127
0.19733054768258051
-0.004893794964016972
-0.15088180112808144
2.3925951383325496e-05
0.11913792275928314
0.20426370948299197
0.011143252967702992
0.07758330865416865
0.1822557626243501
0.08587895556700578
-0.153824964226755
-0.16414743538869553
0.022833087918920667
-0.25694973864000437
0.24879703270473524
0.09896922155102361
0.12221716336059055
0.1548768684657584
-0.25081933125685774
-0.05097628829093823
0.14660770192980913
0.024344853272553604
0.08830469936739231
0.09578062087262644
-0.0927199140088209
0.20601261549136543
-0.09061408203894708
0.08469741672011806
0.08611596053356467
-0.008739243965738495
0.04226829779973201
0.016373244608101002
0.14746535680713024
0.07957694544009215
-0.14580243684639485
0.024267349179839307
0.13332259367104896
-0.06126146404426616
-0.22012369469733253
0.2559842130049405
0.3510567688586856
0.009856357173414217
-0.1368195573512688
0.05793898822409183
-0.0025819377415297893
-0.1777606600349184
0.19048814427495664
-0.1098273421815525
0.11867733351016721
-0.05347975345031843
-0.12442526108771308
0.014998025180200015
0.10596202101746617
0.11845387115356053
-0.21568275449694294
0.09173096389443536
0.042797453991093914
0.12544992376404554
0.13953369405127503
-0.060372174145582214
-0.2120886529311631
0.17366132905950257
-0.21961883702067103
-0.2915246498358385
0.18511421049785934
-0.10566053175062663
-0.24899988060612296
-0.26092516036028873
0.1650441240488544
0.28197771102348784
-0.16493991047388132
0.31993637034584965
0.23087219625434358
0.00461249963251283
0.0067411309009694845
0.0814364578844564
0.03597524523208373
0.1765435552870671
0.11159467462803759
-0.12199379171658767
0.05323771447587709
0.043387923042696536
-0.07919100009128607
-0.0715862962541996
0.07801955256341302
0.10631371209716003
-0.07240606771500924
0.1533922578069184
0.05994315664538323
0.2232473097219852
-0.1776056920012493
0.24670537378762608
-0.029016407119912328
-0.0676843673094509
0.08392009530026989
0.10702070935988349
-0.007565513935448162
0.034526310871723406
0.02943240923701902
-0.06037698178521312
0.07765792683859235
0.04794394100280429
-0.16259664989363637
0.08550440410588328
0.18945372445105263
0.03744272480357225
-0.07523793130965702
0.056853057376669514
0.33995093872536875
0.07099407877300616
-0.007040979625221663
-0.06775747583596868
0.09378120205354029
0.00322066942937234
-0.09723465052158196
-0.10904394536066087
-0.12792672210053435
0.033434937711617846
-0.2469012176226113
0.09725049529112802
0.14448834113215794
0.1719914753249232
-0.10560141081840764
-0.10586719290410994
-0.04993638853864304
0.15984472205811437
0.09833402560527135
0.019104497025979134
0.016018306997780014
0.07364714517985635
-0.07843564182999074
-0.610791228392574
0.1950207363047254
0.13067907549060767
-0.04176392376478379
-0.03974288350665608
0.1134686124421785
0.10904255541203232
0.06078944311376253
0.30669277853482424
0.10251942624413203
0.20872215048956178
-0.26006401467465307
0.24143027597118502
0.23694237730187961
-0.10605583130712479
0.09291995854575394
-0.11192992872539331
-0.09152741296137376
0.06896845159653102
-0.08332534326005178
0.2081094682494982
0.18496054830006017
0.11757292918830527
-0.05355005915137646
0.11082275892965368
0.08134818626638614
0.0361504330816621
0.29396181477991007
0.0805772302256139
0.27300761373621857
-0.0646426133773837
0.10287313951773223
0.2827973167050773
0.0925042303784273
-0.028828466253337855
-0.049565948834914046
0.04007265257952739
0.22712579056357501
0.20575665071339397
-0.06777639430801352
0.142156486250456
0.07918191897807857
-0.05822277855077132
0.07153438512164094
0.00236717186951066
0.04684142830622882
-0.02346686183130001
0.09232955629983333
0.00014396503083312327
0.1456307670771219
0.10500477544210826
-0.09388084969124817
0.09700562650525214
0.1358272536259836
0.12942525580363176
-0.03364116587022763
0.1361501809390819
-0.1589274213486887
0.158638019568734
-0.18473000588793906
-0.12409478115900928
-0.06235997358857759
-0.0813685859843962
0.1300295937966853
-0.2338875908991283
0.05987979907884633
0.05903711285569304
-0.21296949085860434
0.028367510324964273
0.3285261512887516
0.09919038440823642
-0.17337140236972146
0.08402929077238686
0.13170146058868595
-0.1620653288839111
0.009512547962197625
-0.049395464648651737
0.054697937505591765
0.11846816951245594
0.03510985381497425
-0.4052602625705057
-0.14019495667010973
0.15137095672576728
-0.35350702969065706
0.35409943121275617
0.10737227051576347
0.2729638941761701
-0.23305356566110305
0.032985203406737384
0.05746678270709865
0.16001844204181773
-0.05006478458014312
0.08816840435052134
0.13179738723994144
-0.058015395007524555
-0.08868084432479954
-0.1620217503803474
0.29108969905169896
0.02699667302242599
-0.09126781891468022
0.18132390829679304
0.08753703122750656
0.2823985903755581
-0.08974674871603283
0.20562826485741298
-0.01980787498801362
0.03505173533477378
0.0919093172488953
-0.1522007686514175
0.10415514416722821
0.04339751562174688
-0.02047226590566042
-0.06467357005175124
0.024690151861442286
0.07838762220054281
-0.137708534295145
-0.02325585005571178
0.10934282421884006
0.1683172692784404
0.03271050721196214
-0.07980169461635012
0.18985238185830522
-0.3194143030179411
0.29106791889419137
0.06796358067960288
0.018322699902763136
0.14539760425412565
-0.14535251199152427
0.032168192813352335
-0.024427525978963784
-0.1611490203318486
-0.32977238467176606
0.044598292323550885
-0.002954712089494226
0.3910829140174567
0.028434919205002473
0.09445770171290511
0.07466311317243117
0.19049253845692773
0.035081029079852534
-0.09612904903089135
-0.1575163563940545
-0.18182220023396095
-0.001573507492004582
-0.14661161697860503
-0.12078046832542413
-0.16842451453911098
-0.01331766959335542
-0.07525077490613938
0.4468587955486984
-0.026690102889576097
0.07956750839694195
-0.13531272347825601
-0.14893344437014933
0.004390936189782385
-0.04191845374538752
-0.17262254428407733
0.04135036270472222
-0.033720390496359526
-0.15308561689899622
-0.267517488653471
0.18358809493355316
0.13943923865939983
-0.1670373297151492
0.0937517211821713
0.06212537411432012
0.12937128161404915
-0.08931769888412841
0.22655148977755102
0.07579476406353342
0.052290227394534004
-0.24894864597585067
-0.055830074039671315
-0.07256631152159525
0.05917717174629328
-0.10586758765107832
-0.041295780028309415
-0.009867406811578702
-0.0336480791479527
-0.073856456823281
0.19027076129819093
0.12838200489746224
0.17298346279135443
-0.18725413034985045
-0.06621814594177992
-0.012737799969371353
0.20289679988825712
-0.000587812949846412
-0.08355631758013783
0.13486862925616266
0.09783574414552433
-0.051978751042523266
-0.17904284919299038
0.10462850364153528
-0.007394965725906566
-0.04857420920157734
-0.049571160792355365
0.06301545448280424
0.2170788701489594
-0.06778430596970998
0.031160374223557694
0.18778767224883863
0.10350736450181092
-0.0035077416303961025
-0.049259699846334964
0.11525830678431871
0.013581152982134644
-0.08989630304182919
-0.11973625021375368
0.012554128771032666
-0.034350420743420595
-0.09532960318358621
0.21329463009388072
0.2192772365137002
0.2096090861591585
0.02145588082880651
0.016027142580760267
-0.0524900954150668
0.07120079980342128
-0.11719732406192362
-0.15496757334237765
0.11196055230295557
-0.07220520568376217
-0.1462928688466429
-0.05831374428180857
0.008751794829567481
0.28012283536054433
-0.1018925950094566
0.43944361654648156
0.03522603169522437
0.05700754387118379
-0.2638647853395399
0.19581528835298462
-0.07485908057177948
0.12242670395751197
0.00908430025419806
0.10331822037990014
0.11623038598876309
-0.03928940445699087
-0.04223035383936447
-0.225456426114291
0.05732228538743486
-0.027183291482521976
0.002597168414274857
0.052865218911545095
0.13641567115948014
0.05586611421209794
-0.023066638252012987
0.1587822691637187
0.06840870432484768
0.1071812465790708
0.04329683345148597
0.11512403797167765
0.2563864407705682
-0.16964991682539152
-0.10076456976534054
-0.09038891555931987
0.14337329337010715
-0.10673270190192091
0.27075591776681385
0.07890669678280467
0.032356680784416295
0.16745907599381563
0.14448048737370317
-0.03784803468290209
0.22805355874987915
0.02174049065394718
-0.0002855311204608875
0.08726908156326482
0.11941693905379293
-0.2867459580006395
0.12314745400865623
-0.12998590811334873
-0.03300067853239707
-0.17420552512394397
-0.13715368117576904
0.02094076190686849
0.24733855095646282
0.15573004534418966
0.09617755815593668
-0.0003301008440645822
-0.044457938286044274
0.03309546980039246
0.224800271920881
0.06969299401069347
0.09338671007727008
0.09499082469530346
0.03582930233377678
-0.13211439380472467
-0.17476771320165455
-0.13060916129009753
-0.05278380302045156
0.0680764790730435
-0.013695909158250023
0.004940726779758646
0.03753605895599091
-0.06896458837231964
-0.014787320176301294
0.002040626273025765
-0.026849884355054525
0.13561829023482483
-0.11601726793689439
0.05933960657564495
0.09471440976435426
0.1806862536265788
0.03987726791283971
0.019762456178508296
-0.011875381536114333
0.12852886667836808
-0.020640393617218034
0.1027001542664837
-0.05596949792965483
-0.016282674696461344
0.012573554354556584
0.10371165687158214
0.041028827687373946
0.019392725924601336
0.11018625741889215
0.12336858244029318
0.13948755235246185
0.08381086207895273
0.013151635013875548
-0.029292141330659667
0.0929507948088676
-0.03014490440284806
-0.06584430609020304
0.17983888327106629
0.25362343544696486
0.14284552879483856
0.07611011449451098
0.29066838714996707
-0.0228721772848624
0.020079454059479328
0.28089391543781717
0.04458030111001959
-0.13386115067755894
0.06725278780260557
0.033684060405274906
0.15756932548479918
0.023056314000748597
0.11093817263663933
0.20226329848134283
0.13058189812975013
0.0417319837448433
-0.08154217445341118
-0.25992379955340045
-0.12036695065629377
0.008909464161852764
-0.32076422310284364
0.01288592222409223
0.1868095416935323
-0.1301251673065981
-0.15202883175105994
-0.2604866923877036
-0.016235359932072417
0.05260208770501105
0.02179186096653477
-0.12507809564955608
-0.009204478006218491
0.11937560587308088
-0.06126157121829339
-0.1297722096003165
-0.172281524087714
0.027704256905748403
0.13033513400027621
-0.01788364208323844
-0.23796717468422868
-0.03745858653062166
0.009026672381093321
0.008329836786254843
-0.15520555236912253
-0.10656646784302842
-0.032184773987715916
0.04120680896439962
0.05971302540939304
-0.11435456418654363
0.05203540293480564
-0.05245309647784396
-0.007910763955332172
-0.025920045999583193
-0.005036489077635345
-0.038293075327358574
-0.13504578189813657
0.043040669913470775
-0.1935019183580814
-0.06880139477420782
0.12097687262876419
-0.06393941404267989
0.07269909767812521
-0.024931715951494023
0.10920129086260408
-0.12178991788319694
-0.0020663754544866927
-0.23591258825086167
-0.09719172150093501
0.0197468349370783
0.024700417362823364
-0.23180435750598433
-0.06224763511256963
-0.0019661539790504956
0.03137617998242191
0.01967927182023418
-0.03797604275564393
-0.12326241991452914
-0.003057454402669559
0.042188807145935106
-0.03773113388224245
0.18805196977725921
-0.08745106982581125
0.044699046507794334
0.027983188311253772
0.08200885855984759
0.02376171945498695
-0.03642527052033598
0.2076295424646837
0.08321722830274414
0.11016980426750564
-0.019263339980971197
-0.1964378143130207
0.18441091602663956
-0.10541041819776618
0.05097610142568301
-0.033312295848635876
0.017104798973784776
0.057754133578756854
0.08069108976441905
-0.09583361305348531
-0.13378571949077978
-0.0009102516106545334
0.02350198463911002
0.2443773311044777
-0.06537529882360361
0.041314436262319135
-0.005612089857866812
0.050260814803130334
-0.028329843837926957
0.010573125825975893
-0.12881953175030647
-0.058526729874836106
-0.21036822601253075
0.21210387891379395
0.020791968407341346
-0.09112546568577196
-0.4352227649170449
-0.1325871782010504
-0.08955239155702684
-0.10028088395023475
0.0629517151140449
0.04244139997827227
-0.11792061206750823
-0.03084245372117269
0.044486379380388755
-0.12755550176161015
0.11326580849903331
-0.047078597780823336
0.10780832039019789
-0.0022285751793581603
0.05411610293068681
0.1204139756874434
0.06576087522370014
0.05281856553510512
0.007107850988877896
0.06804735010242724
0.21749857697240899
0.039565765654931896
0.018051827149500644
-0.1619165514597243
-0.03677768290742489
0.03269947046840493
0.14232511192832906
-0.07330688816284966
-0.3095951761285991
0.24198608618600365
0.16297149243362252
-0.09387470161451476
-0.175298004176924
0.07008919356071834
-0.10505328322758954
-0.037002744104023697
-0.008286168961986884
0.06798254732816615
-0.025370558095476906
0.006886045811224989
-0.096900992074303
-0.15105977088440178
-0.07260733469368537
-0.07473253114683141
-0.021810932191434033
0.008203814869392305
0.05628640118164727
-0.012611000458461943
0.1295804649763035
-0.07390875655993491
0.10109386555210145
0.047733934182884394
0.09445818323580071
-0.03638631809022464
-0.02066233426878899
-0.17777256917529
-0.1845157938852412
-0.0888545695126979
0.026900109205884988
0.048270118060761494
0.022041280738958623
-0.06846146039811045
0.0639955126534016
-0.07107739521347077
-0.024972700388050387
0.13505046159071246
0.06578703505832251
0.12488814398274574
-0.02484633658323117
-0.002515968956658324
-0.03320073018710309
0.018100544925443884
-0.01522630556271646
-0.03144131334936435
-0.13476484865719973
0.19861428257604583
-0.13915526819477808
-0.05361294115879314
-0.11499349848196964
0.051726741859907006
-0.05299807112517576
0.023091244920538302
-0.17197810312857748
-0.12747489335450493
0.024563003565181197
-0.053464512947440375
0.03392941127779158
0.24313065000728154
-0.0835441309373805
-0.006512907384702058
-0.05488125526333077
-0.026450009656025397
0.163433556924007
0.040582301122337024
0.1347410243253683
0.019882395907690843
0.02120132343076293
-0.08879365514429265
0.2459138749238669
-0.04843267159258555
0.1051859323448237
-0.038847145282011816
0.12830371283566572
-0.14636552915852571
-0.017302736392180322
-0.12417616083541787
-0.09040073342661907
0.0296624341217814
-0.024477760724900894
-0.1234815016019279
0.1331209379960381
-0.09398134976716714
-0.08056375699815467
0.004300851122536824
-0.00930568037380458
0.06156311518459783
0.07753372459539211
-0.1129592885160437
0.07569898127919734
-0.024313597547634708
0.17959839150001827
0.017178815665824937
0.024890694049199472
0.12434186107498012
0.055202850097221194
-0.022009661127658602
0.02998955325183198
0.06507901549249244
-0.12845778306858935
-0.18090081156205423
0.10531632384108762
0.14330588461674756
0.13385423147392603
0.06962394065059122
0.0009567769890617793
0.11297594313258638
0.05293666662455465
0.09826454682275747
-0.027025919851123226
-0.17760433043918517
-0.14076934183713743
0.02624826213227475
-0.014067366219110485
0.010278260958304034
-0.02096581161811545
0.06598900021151201
0.047823330527630596
0.12211941647751473
0.1147903786717404
0.1485909663066563
0.20411921448486425
0.06477223124402928
0.08385985752361394
0.15707817309466407
0.0644001566880506
0.09170258491858718
-0.0087968403998183
0.02828497695260948
-0.16033509544960362
-0.02558806329680051
-0.15539608850656653
-0.022544436541723972
-0.14107780628659786
-0.09448784371214956
0.020820910014625948
-0.13526346123327473
0.006769851733923434
0.047334385982158736
-0.0704366832152074
0.08236010710092127
0.030318648518293558
-0.13944426498277213
0.007766368139815364
0.0255130820256752
-0.204971046335635
-0.07714446797138154
-0.01773272211272681
0.0008052576148409646
-0.16803302530751807
0.014954688722159345
-0.11619584486969589
-0.08657019377347433
-0.09309858852335291
-0.04746442027390104
-0.05555567209189379
-0.20957455128824096
0.057486022018340216
-0.1083893125344771
0.048010301947560265
-0.01681729041169372
0.004344167293516199
-0.16197846409947964
-0.18333903926335532
-0.1601158206003263
-0.00749828913857676
0.24238758367463964
0.19683538738457518
0.008692186197022136
-0.0830543014507363
0.036194063694314986
-0.147590131696686
-0.033907041276006834
-0.0541861467230798
0.06307916834421898
-0.04326018022512758
-0.14615468657219194
0.15122713399436405
-0.09004328384871321
-0.12189144740160018
0.00319698617711986
0.1545779118214537
-0.0042231783528721145
0.06337536355057276
-0.0017615122535421172
0.013649155081668918
0.13657421268187692
-0.07210090099737095
0.02345016769405004
-0.0722232873532901
0.10678858182986713
0.008322703606306839
-0.029785557244112856
-0.14905392414669444
0.021747291472053516
-0.14492334408431767
-0.11733591087390649
-0.14820836606549648
0.0005160403392336573
-0.0427117110662176
-0.1604812890799953
0.028655258124875446
-0.08646141475207599
0.019305881036573047
-0.13848393738781747
0.029250028133682052
-0.15344288171459727
0.05852343510987613
0.052872424513404376
0.02172513000437613
-0.04049838617597246
0.07425684951909206
0.013085249695657079
-0.07821018732218141
-0.08367891053113703
-0.021783726379301375
-0.18625466014479986
-0.06226801482623682
-0.09789269451236803
-0.093315911023026
-0.13386996192873252
0.12208461137584373
-0.06370613044715442
-0.08531838601718734
-0.01968945369683102
-0.09790306935118175
-0.04611850068334273
-0.30892627921987575
0.06268444712873286
-0.1250683356270107
-0.10767541574158813
0.003889114265658149
-0.018067084069536797
-0.06591197137709474
-0.025981078638300212
0.1776777564642349
-0.2085089859817452
0.10320189961296806
-0.18839932036529564
0.056191972055499854
0.023706800891985128
-0.08073868300417915
-0.12638691088773754
-0.02148423151241747
-0.02329144657385559
0.16529874308923617
0.06088244874783273
-0.01856125270257796
0.06329172358828533
0.009899763636115923
-0.04277648465666188
-0.16585585405627348
0.0056362179917150545
-0.07749032913322203
-0.1988234675282428
0.08190836205382793
0.026989164362663787
0.08034460005215634
0.09241391180875032
-0.019799224582179493
0.16209973051739826
-0.21140087773938906
-0.15162768022105672
-0.018320535019843938
0.12297552246429422
-0.06707921581830031
0.034336592390155345
0.06640203912860557
0.08501311440510217
0.02381960021722705
-0.025619120153924337
-0.16508690332036718
-0.02374983229915341
-0.07578802189917955
0.016723935539518783
0.053658994144995545
-0.0619708293412548
0.17426312957175064
-0.014822977881432345
0.07600433372662908
-0.03355663330315613
0.019888095509004368
0.053883844132899684
-0.21405977481896557
0.08363586764053324
0.011545153760903712
0.21340153554925306
0.08337076905622334
0.030709421516964448
-0.038333511396608365
0.15225219812819552
-0.009833633133545976
0.030776192897790825
0.14345425376404228
0.12297183876634434
0.052671898983030534
0.03961273355964778
-0.046633563190561965
-0.004370790401211599
-0.07088715232128906
-0.07034884808977986
-0.004054798858752306
0.13059105827300116
-0.11025058225252306
-0.003140428693352896
0.14077851671222003
-0.097357519496869
0.20814586907918017
0.06532815453477853
-0.13410765895921345
0.0919880166506809
0.04320600994478404
0.03642493660405388
-0.09918661321986157
0.031784259502649036
-0.07770101334837795
0.11516351313376456
0.0889138602204496
0.03654582590402516
-0.2664016105285654
-0.06477630560359349
0.13768296269445301
-0.10941364502177237
-0.14137959153278265
0.010706738885526115
-0.2567247359913136
-3.525835407995499e-05
0.050202468035214914
-0.03929045020781156
-0.13829173900257466
0.09286262326259642
0.13726975914237055
-0.09170911667000958
0.039486885700108616
0.05261348679229828
0.005229875876935727
0.03999699365033949
-0.010993809650710645
0.06750387843412925
0.051962707666738335
-0.09508935262874857
-0.08578546165349166
-0.04269106803987942
0.022053118937814305
-0.1248945338066179
0.05287054823155218
0.09649484286646658
-0.08309521280096722
-0.1813056018322957
-0.11844347874606628
-0.12898677248512724
0.09329451892813272
0.17791637745141298
-0.06564373463084346
-0.4363339846244924
-0.09729018170769799
0.13542538420321126
-0.018663592485966895
-0.0622786627955385
0.09413230696051234
-0.0459039784310696
-0.18027808854843033
-0.09245031026918502
-0.08890179256488678
0.06882703441555339
-0.15725362097218973
-0.10866241150904163
0.005665864019564699
0.10143574535182782
-0.14266624504614958
-0.06852610828895125
-0.023883958905164503
0.006530287123672617
-0.13102331986849441
-0.1079500518556581
-0.10126773600766494
0.04944757157627339
0.12962594987908138
-0.056760411831568464
-0.09580832553313448
-0.04152598224468678
-0.2711084229217668
-0.10456705716783381
0.17697736987791537
0.0760707615668876
-0.028301855027814217
0.1304014496130244
-0.009838583692438218
0.016192333851869273
0.2846891668691093
0.2175988828207304
0.09447229444053112
0.08162545193725111
0.2873869880342914
-0.010016235042259328
0.06142902873651667
-0.06981447969950483
0.06324826167997084
0.078651758182751
0.057715604763485785
0.18087340679788852
0.21023993694465737
0.15749989802537576
0.14229394012717578
0.10375495467834625
0.371144784338473
0.1889767451535431
-0.013812886009783172
0.06221624377335008
-0.03665664488622795
-0.01773029617953711
0.2130927158638765
0.045368858724799926
0.06433047407395946
0.1656645832208642
0.12194347447695439
0.11494883806662194
-0.16044130330447443
0.11672636172924744
0.06784915219620233
-0.006951205440169521
0.06108904723054627
0.1877801475310817
0.009917905543229409
0.0909038145227778
0.33160089549172916
0.14026351978992757
-0.017546153084336963
0.07114277407720163
0.29598742537943185
0.0208122665144281
0.027343854041716097
-0.11377134013232058
0.09230722895560388
0.207693681483493
0.020198501010950883
-0.009169025857525236
0.35505526328151416
0.31616413885356626
0.08273605338790517
0.03620531316915202
0.12857117708020652
-0.12121987043746647
0.04850996638939305
0.026224258485572246
0.034613919979733766
0.07373012978677695
0.11348768303383948
0.0687505831335154
-0.04471646037519437
-0.11870196567111313
0.044522890187586615
-0.09617030047006235
0.09268187691732988
0.1366019969042756
0.10198395510620405
-0.059736177139136995
0.020752826275281678
-0.033389855210510175
0.12065637262839395
-0.09604151448680764
-0.07145409116855013
0.15712762912164777
0.06911046199658115
-0.18930421258134628
-0.13336216818707583
0.10300316894815904
-0.08277890284970436
0.06365752768647676
-0.1885218003065026
0.05908316514251115
-0.09197234217201558
-0.010205883358254234
-0.11245361130201596
-0.053899153811008044
0.0920233246338067
-0.0757140783252057
0.0528358276958137
-0.017417558508344706
0.08801355396780862
0.02767713717417409
0.09362861862252385
-0.14177917339405197
-0.09840467585682733
0.013440029023924686
-0.07699766639088931
-0.09567023184946678
-0.03906421076182816
-0.1570780916185843
0.18905440735664944
0.03957016894231023
-0.1055670638229933
0.20851632295883066
0.0838772547327839
0.19800044179483534
-0.08422461959822183
-0.09591855290664998
-0.0017586353371207067
0.06179332973731757
-0.2967301185708232
-0.0009681633379995478
0.1417829150209829
-0.1931361490061373
-0.09830632161991096
0.05881261719169626
0.003734938968980911
-0.025302707427615225
-0.019951573580590812
-0.07304069325708656
0.019395632207897452
-0.12276900968278122
0.17003828446449784
0.14364699964600586
0.09911725633189486
-0.03670127570469394
0.010443530065559366
-0.18572868943099582
0.09297040956148184
-0.03986201325768345
0.10088856566532645
0.0823392364579752
0.07630145351620413
0.398084699439889
0.08027857574782206
-0.036732464424027285
0.026855177929712093
0.16396597554093884
-0.09917847852762643
0.057099866901008406
0.08314767970784695
0.06496292986491117
0.1785094921860961
-0.1646999187591881
0.015188954262851027
0.08460914126384005
0.12375784529191096
0.014583253867472206
0.00386533841162497
-0.12840171842142678
0.16586570490603786
0.14392955143767092
-0.08471807151846952
-0.25879456173059295
-0.06311885975318553
0.050886099279795045
-0.11371170928692857
0.06982109623017348
0.20369063400008308
0.00856631569524999
0.019575310986898808
-0.3012489326952232
-0.07459078280673362
-0.011348363507881608
-0.05622976667308681
0.1310278375857546
-0.06674265938612582
-0.006176265473147359
-0.1554266372711751
-0.13052568469713835
0.07736089746778639
0.03871437106844811
-0.1522177797972938
-0.17416242878541793
0.00476291745131035
-0.033286101297657016
-0.2708345604976593
0.13247159496160182
0.018832102963987137
-0.03864931625165537
-0.10732278533245897
-0.04603289574666142
0.031147669285640524
-0.0725639766995512
0.003561679909832473
0.11452497058122663
0.11682813894249365
-0.10870847326502359
-0.01922487659842984
0.1968545161056015
-0.14849578478772751
-0.052047684073372825
0.14709127623163273
0.08798381603895736
0.10757437996132391
-0.11239269207223224
0.028598780830987276
0.1283257454662337
-0.14590885087322802
0.1652574448357208
-0.024901731813541477
-0.1590587789197686
-0.05487240522290737
0.09937360243575374
0.12981404222257895
0.0221519238037163
0.16857562463108672
0.12620078553959244
0.33156503296347517
-0.06540638195284743
0.03434198043276301
0.10105995507230035
-0.07429253545987641
-0.05761137203828695
-0.09571458012018075
-0.07816199887720233
-0.005211313853019773
0.1313584561728795
-0.007632368426600518
-0.006571978918571396
-0.036492341730799384
-0.015201453486132634
0.19235066175144316
-0.0477163885352525
0.044201323495633556
0.2687210527529367
0.025944543939951853
0.11453844223653689
0.24179631821679787
0.056812262567981435
0.011125761192256065
0.0406714214235629
-0.028596648824861393
0.12764424729390061
-0.09201471932621115
-0.05711527281186903
-0.0008271498308326965
0.08657021995653699
0.12279381648399618
-0.058306045739395074
0.06810761297160586
-0.042496776995551384
0.044302330304056614
0.12082947775849237
0.12624225076620527
-0.07031316763835672
0.2697528011919961
-0.030803657129202338
0.008631862884667607
0.03901243211143879
0.05546585057382071
-0.008843148500154798
0.09329206092749624
0.07189506000327821
0.024666446908494094
0.0813817073871803
0.05041608073160304
0.16007663386337034
0.2545677908300973
0.23353726769320424
0.09082552415521002
-0.08171118205200416
-0.13130161895984607
0.07872408198124961
0.09935009668520754
0.11581372776487867
-0.05315621531348203
-0.1239441954767787
0.25455304730956124
-0.014099717225929521
-0.08681256251317053
-0.05479213237629616
-0.08544978273372442
-0.03193829101932091
-0.09549145717782012
-0.06433819833769369
0.16542495390005532
-0.003348784710869946
0.38538947803096907
0.11237557851203614
-0.03835661202158262
0.12591180134647356
0.021669275874900442
-0.07693164569644079
-0.042146015697016474
0.0672942386303185
0.20573578945777896
0.049573188926751686
0.1374848136693091
0.12219080712456372
-0.05337618369834441
0.033835074319075134
0.01803903666891429
0.19994840524979765
0.07887503013798039
0.12289810060870711
0.1992354125049725
-0.029563121642390184
-0.23077102683612824
-0.05915524688369745
0.03777374238608754
-0.23915989962962547
0.1424223393042859
0.1266688026888746
-0.34460338484504693
0.02581135364642378
0.101186082421793
0.10671306933088422
0.06561098450506912
0.07489824909514016
0.04576444025642671
0.1442097840870919
0.20981234553707667
-0.2717482954320413
-0.19957186167126434
-0.14905227834659518
-0.22481757386298895
-0.06103200593817842
-0.03855640577465871
-0.030888336024520808
-0.2792102396566007
-0.14578837785723603
-0.11957414517758423
-0.23035746240973648
-0.1366592069196679
-0.3029263142544287
-0.019347612628303548
-0.02846836769143984
0.07404632312648032
0.049724626474683814
-0.06178743224079133
-0.04363218431021206
-0.16382933243087255
-0.24695952068814478
-0.08306027902279359
-0.17573095611966835
-0.15584401366149261
-0.2897530199779233
-0.06921191859779048
-0.11281930177536738
-0.1603224699979554
0.045278158186945965
-0.19606193270706804
0.03213045852909993
-0.10548090011544191
-0.1236619303627662
-0.1437029350301065
0.012905358236639042
-0.001910495145385256
-0.058360386375225545
-0.12193089019131799
-0.04284816750097059
-0.2097224428844158
-0.014629766999144209
0.1297504754324712
-0.13456967226183555
-0.225671704061233
-0.04225154711568565
0.05114255589098008
-0.07511001034858082
-0.0021887133186754126
-0.1396077338317271
-0.17817917894124688
-0.07707172558491648
0.027367139501364785
0.046298131779051344
0.047493122006489905
-0.14291898507150164
-0.09384631764509527
-0.038887741917597314
-0.11473373157951954
0.009741109600280878
-0.13029753388734117
-0.022743495253105084
0.040510962764437254
0.07556919772156157
0.009898620837842058
-0.05389473898781623
-0.16922974104365057
0.0906527115084163
-0.0020653552226279556
-0.09348046557534506
-0.15389764442046444
-0.03333911322389672
0.05490360184678448
-0.051457125060708916
-0.0918293707490312
-0.11334333933292433
-0.0557332088678684
-0.22229610730071925
-0.16144733033221728
-0.10413310435666656
-0.055616538244811456
-0.03088279987595848
-0.11366323001836562
-0.04918691455450682
-0.11416752044044627
-0.11044641614039523
-0.15866955668136845
-0.15958240995413545
-0.08105288429427235
-0.10134590894451588
-0.09437234470150083
0.06276316113096851
-0.03426649332746239
-0.04002252286705693
-0.14791771766430925
-0.011317941768749134
-0.0060333292437724706
0.0740496743096751
-0.11342474413153195
-0.022794631864940317
-0.12193495635102695
-0.2393090381604325
-0.1813074687793145
-0.11920591234032571
0.022101902514843594
-0.03502476227623717
-0.20209995090273256
-0.20441260015247656
0.03788414594875066
-0.07798753772761426
-0.07647498086058983
0.02428962571211899
0.08430189709598333
-0.09305900490838914
0.029386287769093467
0.020995156121976152
0.0314066897538325
-0.04139385430768258
0.05335933069147873
-0.06289140748290782
-0.1795675987852037
0.0009645741772595875
-0.06151405959555686
0.04960273137683975
-0.09594980217401505
-0.13404182203397064
-0.0691173721352939
-0.0678277122833234
0.03631928527000314
-0.07046399840891819
